000 000 000 000 000 000 000 000 000 000 000 000 000 000 000 000 000 000 000 000 000 000 000 000 000 000 000 000 000 000 000 000 000 000 000
-11 -11 -11 -11 -11 -11 -11 -11 -11 -11 -11 -11 -11 -11 -11 -11 -11 -11 -11 -11 -11 -11 -11 -11 -11 -11 -11 -11 -11 -11 -11 -11 -11 -11 -11
-01 -01 -01 -01 -11 -01 -01 -01 -11 -01 -01 -01 -11 -01 -01 -01 -01 -01 -01 -11 -01 -01 -01 -01 -01 -01 -01 -01 -01 -01 -01 -01 -01 -01 -11
-11 -11 -11 -01 -11 -01 -11 -01 -11 -01 -11 -01 099 -01 -01 -01 -01 -01 -01 -11 -01 -01 -01 -01 -01 -01 -01 -01 -01 -01 -01 -01 -01 -01 -11
-11 -01 -01 -01 -01 -01 -11 -01 -01 -01 -11 -01 -11 -01 -01 -01 -01 -01 -01 -11 -01 -01 -01 -01 -01 -01 -01 -01 -01 -01 -01 -01 -01 -01 -11
-11 -12 -12 -12 -12 -12 -12 -12 -12 -12 -11 -11 -11 -11 -11 -11 -11 -11 099 -11 -01 -01 -01 -01 -01 -01 -01 -01 -01 -01 -01 -01 -01 -01 -11
-11 -01 -01 -01 -01 -01 -01 -01 -01 099 -01 -11 -01 -01 -01 -11 -01 -01 -01 -11 -01 -01 -01 -01 -01 -01 -01 -01 -01 -01 -01 -01 -01 -01 -11
-11 -01 -01 -01 -01 -01 -01 -01 -01 -14 -01 -01 -01 -01 -01 -11 -01 -11 -01 -11 -01 -01 -01 -01 -01 -01 -01 -01 -01 -01 -01 -01 -01 -01 -11
-11 -01 -01 -01 -15 -16 -01 -01 -01 -14 -01 -01 -01 -11 -01 -01 -01 -11 -11 -11 -01 -01 -01 -01 -01 -01 -01 -01 -01 -01 -01 -01 -01 -01 -11
-11 -01 -01 -01 -17 -18 -01 -01 -01 -14 -01 -11 -01 -11 -01 -11 -01 -01 -01 -11 -01 -01 -01 -01 -01 -01 -01 -01 -01 -01 -01 -01 -01 -01 -11
-11 -01 -01 -01 -01 -01 -01 -01 -01 -14 -01 -11 -01 -11 -01 -11 -01 -11 -01 -11 -01 -01 -01 -01 -01 -01 -01 -01 -01 -01 -01 -01 -01 -01 -11
-11 099 -13 -13 -13 -13 -13 -13 -13 -13 -11 -11 -11 -11 -11 -11 -11 -11 -11 -11 -01 -01 -01 -01 -01 -01 -01 -01 -01 -01 -01 -01 -01 -01 -11
-11 -01 -01 -01 -01 -01 -01 -01 -11 -01 -01 -01 -01 -01 -01 -01 -01 -01 -01 -11 -01 -01 -01 -01 -01 -01 -01 -01 -01 -01 -01 -01 -01 -01 -11
-11 -01 -11 -11 -11 -01 -11 -11 -11 -01 -11 -11 -11 -01 -11 -11 -11 -11 -01 -11 -01 -01 -01 -01 -01 -01 -01 -01 -01 -01 -01 -01 -01 -01 -11
-11 -01 -11 -01 -11 -01 -01 -01 -01 -01 -11 -01 -01 -01 -01 -01 -01 -11 -01 -11 -01 -01 -01 -01 -01 -01 -01 -01 -01 -01 -01 -01 -01 -01 -11
-11 -01 -11 -01 -11 -01 -11 -11 -11 -11 -11 -11 -11 -11 -11 -01 -11 -11 -01 -11 -01 -01 -01 -01 -01 -01 -01 -01 -01 -01 -01 -01 -01 -01 -11
-11 -01 -11 -01 -11 -01 -11 -01 -11 -01 -01 -01 -01 -01 -11 -01 -01 -11 -11 -11 -01 -01 -01 -01 -01 -01 -01 -01 -01 -01 -01 -01 -01 -01 -11
-11 -01 -11 -01 -11 -11 -11 -01 -11 -11 -11 -11 -11 -01 -11 -11 -01 -01 -01 -11 -01 -01 -01 -01 -01 -01 -01 -01 -01 -01 -01 -01 -01 -01 -11
-11 -01 -01 -01 -01 -01 -01 -01 -01 -01 -11 -01 -01 -01 -01 -01 -01 -11 -01 099 -01 -01 -01 -01 -01 -01 -01 -01 -01 -01 -01 -01 -01 -01 -11
-11 -11 -11 -11 -11 -11 -11 -11 -11 -11 -11 -11 -11 -11 -11 -11 -11 -11 -11 -11 -11 -11 -11 -11 -11 -11 -11 -11 -11 -11 -11 -11 -11 -11 -11

